1774511373828
1774037061330
1774331056110
1774511158807
1774453588164
1774342914620
1773916300400
1774067652884
1774453276914
1774449618854
1774037269373
1774035419581
1774035316590
1774033035367
1774341846587
1773815463767
1773916694147
1773916018576
1774033447985
1774342110605
1774341658493
1774034474664
1774341977687
1773815253180
1773815386606
1774034084722
1774033974360
1774033780369
1774033700264
1774032815490
1774032744429
1774032630082
1774032550489
1774032251731
1774449566925
1774449453002
1774449321173
1774448795567
1774448695654
1774448573260
1774448510471
1774448453745
1774448375279
1774448325622
1774448222235
1774448153570
1774448112979
1774361132117
1774341746317
1774341518080
1774341395440
1774340535116
1774340376777
1774340148227
1774339793444
1774339575321
1774339426145
1774339339956
1774339273382
1774339201517
1774338908245
1774338738259
1774338586623
1774338438867
1774338379375
1774338101818
1774337552620
1774337290427
1774337173929
1774337077702
1774266169606
1774265974942
1774265464519
1774036780754
1774035730674
1774035034627
1774032297467
1773924686126
1773924487997
1773924313235
1773924078045
1773923636004
1773923448860
1773923356817
1773923272189
1773922864422
1773922517577
1773916572082
1773916498048
1773916391338
1773916193547
1773916098228
1773915797582
1773913292561
1773913024722
1773913012229
1773846766660
1773815557708
1773815539602
1773815299998
1773815275737
1774364333591
1774362763619
1774341218032
1774340595323
1774339643758
1774339077056
1774265560571
1774033902068
1774033589834
1774031816774
1773924795181
1773923090128
1773916716998
1773815185836
1774032171111
1774032049907
1774032001601
1773924467638
1773921811034
1773915844557
1773912825965
1773846741956
1773846659324
1773815495584
1773815479301
1773815448285
1773815430255
1774339893425
1773815405576
1773815350242
1773815316297
1773815157531
1773815132571
1773815096051
1773815017469
1773814995074
1773814886775
